51      0.000000
224     1.354087
253     0.243125
846     1.525214
909     0.199601
952     0.214244
970     0.029488
974     0.005369
1013    0.293003
1087    0.342019
1645    0.556939
2216    1.104576
2235    0.021950
2240    0.013481
2245    0.001986
2252    0.016749
2262    0.010219
2271    0.010552
2342    0.558109
2390    0.238053
2392    0.001990
2395    0.003914
2402    0.010935
2462    0.093733
2488    0.072190
2510    0.081815
2552    2.941107
2613    7.631610
2691    12.205916
2956    2.358531
3022    0.371689
3609    0.336137
3811    1.340433
5070    10.047510
5333    1.696145
5336    0.013491
5338    0.001982
5347    0.005664
5373    0.036346
5405    0.138643
5455    1.400284
5510    0.152020
5528    0.060360
5536    0.003981
5538    0.000421
5554    0.067015
5580    0.045363
5716    0.581417
5720    0.030505
5723    0.004538
5726    0.009591
5823    0.278150
5847    0.127512
5881    0.198336
6015    0.772430
6043    0.266264
6053    0.060544
6099    0.581260
6187    13.404037
6278    13.275149
6283    0.032886
6313    0.391087
6329    0.812401
6420    20.122599
6562    1.982993
6602    1.989573
6639    0.654888
6656    0.090943
6684    0.155536
6758    0.116040
6780    0.097033
6823    1.743813
6875    12.281828
6897    0.124959
6929    1.088416
6948    0.903259
6998    0.579688
7023    0.196745
7085    13.381800
7093    0.057962
7191    1.405455
7203    0.898041
7235    0.169265
7302    0.099653
7476    15.773588
7487    0.094966
7592    1.090497
7601    0.002953
7634    0.009694
7662    0.030028
7817    0.036313
7819    0.000003
7879    0.233214
8068    0.913906
8145    0.091760
8155    0.026584
8196    0.120579
8222    0.047254
8229    0.009488
8271    0.072883
8273    0.000556
8345    0.100825
8384    0.076972
8407    0.140921
8477    0.389134
8509    0.167362
8528    0.045760
8543    0.068431
8545    0.000844
8860    1.551381
8898    1.311256
8968    0.176922
9655    2.528218
10477   5.966789
10522   8.174494
10610   1.474865
11600   12.103177
11810   1.914824
11821   0.023734
12018   0.261810
12234   0.392249
12251   0.195112
12542   1.765248
12544   0.000361
13824   9.101270
13871   1.586037
13886   0.103206
13967   1.150300
13969   0.001014
13972   0.003669
13974   0.001358
13977   0.002494
14596   1.048134
14624   0.278667
14626   0.000975
14630   0.008353
14772   17.953764
14780   0.033150
14811   0.046567
14839   0.092605
14904   0.976667
14907   0.005854
15042   0.262557
16677   0.891825
16756   5.390496
16772   0.110576
16840   11.366573
16856   0.038279
16908   2.006968
16910   0.000724
16912   0.001081
16914   0.000616
16917   0.001379
16919   0.002719
17121   0.661444
17279   0.216293
17326   0.030812
17400   0.390095
17423   0.077943
17446   0.221578
17460   0.054139
17545   7.517096
17566   0.183364
17569   0.003045
17746   0.420820
17824   0.577754
17826   0.000431
17828   0.000923
17830   0.000508
17832   0.000876
17841   0.024279
18210   0.623905
18472   1.141411
19259   0.557512
19260   0.000001
19282   0.120831
19289   0.067713
19319   0.060294
19323   0.012057
19361   0.133428
19856   0.281323
19960   0.271621
19962   0.000005
20004   0.039577
20012   0.008250
20036   0.026044
20041   0.001043
20077   0.032459
20088   0.009285
20099   0.011426
20181   0.110719
20200   0.027553
20211   0.023234
20216   0.017402
20233   0.043353
20236   0.000763
20357   0.214145
20412   0.223138
20449   0.324078
20451   0.002133
20473   0.108328
20488   0.096860
20489   0.000002
20554   0.236601
20571   0.197211
20614   0.991583
20672   0.613770
20674   0.002360
20713   0.053160
20718   0.011370
20720   0.000301
20734   0.048393
20736   0.001371
20751   0.034922
20766   0.030402
20801   0.048818
20842   0.080532
20877   0.076224
20992   0.568895
20995   0.012175
20998   0.004032
21000   0.002310
21099   0.269680
21165   0.305097
21325   11.594677
21327   0.001069
21335   0.006919
21342   0.009461
21349   0.046069
21351   0.000968
21354   0.004246
21437   0.248363
21444   0.069191
21582   0.964295
21587   0.002211
21773   0.265349
21937   0.144996
22784   1.153175
22852   0.120204
22991   0.904919
22995   0.006553
23035   0.047120
23051   0.013974
23052   0.000000
23053   0.000001
23210   0.124478
23218   0.016034
23220   0.001475
23244   0.031712
23333   1.138405
23357   0.213424